Belgrade  (2336,1489)  (2312,1512)  (2312,1488)  (2359,1513)  (2360,1468)  (2335,1536)  (2288,1520)  (2288,1496)  (2288,1472)  (2383,1492)  (2362,1537)  (2384,1468)  (2342,1561)  (2408,1463) 
Crimea  (2926,1334)  (2902,1346)  (2936,1358)  (2950,1321)  (2960,1345)  (2882,1291)  (2906,1278)  (2930,1274)  (2900,1254)  (2924,1250)  (2948,1250) 
Livonia  (2414,678)  (2390,701)  (2390,677)  (2437,702)  (2414,654)  (2438,654)  (2438,678)  (2388,653)  (2413,725)  (2389,725)  (2449,726)  (2462,644)  (2462,668) 
Portugal  (982,1622)  (958,1645)  (958,1621)  (997,1646)  (982,1598)  (1006,1598)  (1006,1622)  (973,1669)  (949,1669)  (934,1645)  (980,1574)  (1004,1574)  (1028,1574)  (1030,1598)  (1030,1622)  (1052,1552)  (980,1693)  (956,1693)  (984,1550)  (1008,1550)  (932,1702)  (974,1717)  (989,1526)  (950,1726)  (926,1726)  (957,1750)  (933,1750) 
Bavaria  (1927,1211)  (1903,1234)  (1903,1210)  (1950,1235)  (1927,1187)  (1951,1187)  (1951,1211)  (1901,1186)  (1926,1258)  (1902,1258)  (1879,1234)  (1879,1210)  (1974,1235)  (1971,1259)  (1878,1259)  (1925,1163)  (1949,1163)  (1973,1163)  (1975,1187)  (1975,1211)  (1877,1186)  (1877,1162)  (1901,1162)  (1947,1282)  (1923,1282)  (1998,1235)  (1899,1283)  (1875,1283)  (2022,1231) 
South Baltic Sea Zone  (2174,800)  (2150,823)  (2150,799)  (2197,824)  (2174,776)  (2198,776)  (2198,800)  (2148,775)  (2173,847)  (2149,847)  (2126,823)  (2221,824)  (2221,848)  (2197,848)  (2125,848)  (2172,752)  (2196,752)  (2220,752)  (2222,776)  (2222,800)  (2140,751)  (2244,730)  (2173,871)  (2149,871)  (2245,824)  (2245,848)  (2237,872)  (2213,872)  (2125,872)  (2101,872)  (2101,848)  (2164,728)  (2188,728)  (2212,728)  (2246,754)  (2246,778)  (2236,706)  (2260,706)  (2268,730)  (2269,802)  (2269,826)  (2269,850)  (2118,896)  (2094,896)  (2077,872)  (2077,848)  (2148,704)  (2172,704)  (2196,704)  (2270,754)  (2070,903) 
Syria  (3293,1825)  (3269,1848)  (3269,1824)  (3316,1849)  (3293,1801)  (3317,1801)  (3317,1825)  (3267,1800)  (3292,1872)  (3268,1872)  (3245,1848)  (3245,1824)  (3340,1849)  (3340,1873)  (3316,1873)  (3244,1873)  (3291,1777)  (3315,1777)  (3339,1777)  (3341,1801)  (3341,1825)  (3243,1800)  (3243,1776)  (3267,1776)  (3363,1755)  (3292,1896)  (3268,1896)  (3221,1849)  (3221,1825)  (3364,1849)  (3364,1873)  (3353,1897)  (3329,1897)  (3244,1897)  (3220,1897)  (3220,1873)  (3291,1753)  (3315,1753)  (3339,1753)  (3365,1779)  (3365,1803)  (3219,1801)  (3363,1731)  (3387,1731)  (3387,1755)  (3305,1920)  (3281,1920)  (3197,1849)  (3197,1825)  (3388,1827)  (3388,1851) 
Silesia  (2147,1101)  (2123,1110)  (2123,1086)  (2170,1125)  (2171,1083)  (2114,1062)  (2099,1094)  (2194,1107)  (2194,1131)  (2075,1084)  (2218,1140)  (2051,1080) 
English Channel Sea Zone  (1600,928)  (1576,951)  (1576,927)  (1623,952)  (1600,904)  (1624,904)  (1624,928)  (1574,903)  (1599,975)  (1575,975)  (1552,951)  (1552,927)  (1647,952)  (1647,976)  (1623,976)  (1598,880)  (1622,880)  (1646,880)  (1648,904)  (1648,928)  (1550,903)  (1550,879)  (1574,879)  (1599,999)  (1575,999)  (1671,952)  (1671,976)  (1662,1000)  (1638,1000)  (1598,856)  (1622,856)  (1646,856)  (1672,894)  (1672,918)  (1526,879)  (1526,855)  (1550,855)  (1574,855)  (1614,1023)  (1590,1023)  (1566,1023)  (1695,942)  (1648,1024)  (1502,836)  (1624,1047)  (1600,1047)  (1576,1047)  (1552,1047)  (1557,1071)  (1533,1090)  (1439,1091) 
Greece  (2388,1754)  (2364,1777)  (2364,1753)  (2411,1778)  (2388,1730)  (2412,1730)  (2412,1754)  (2362,1729)  (2387,1801)  (2340,1759)  (2435,1778)  (2433,1802)  (2386,1706)  (2410,1706)  (2359,1705)  (2434,1691)  (2458,1684)  (2403,1825)  (2391,1682)  (2482,1668)  (2441,1857)  (2417,1861)  (2506,1661)  (2455,1881)  (2431,1885)  (2530,1660)  (2465,1905) 
Bessarabia  (2691,1300)  (2714,1324)  (2690,1324)  (2668,1276)  (2692,1276)  (2715,1300)  (2738,1327)  (2714,1348)  (2690,1348)  (2651,1252)  (2675,1252)  (2630,1228) 
Tobolsk  (3300,109)  (3276,132)  (3276,108)  (3323,133)  (3300,85)  (3324,85)  (3324,109)  (3274,84)  (3299,156)  (3275,156)  (3252,132)  (3252,108)  (3347,133)  (3347,157)  (3323,157)  (3251,157)  (3298,61)  (3322,61)  (3346,61)  (3348,85)  (3348,109)  (3250,84)  (3250,60)  (3274,60)  (3370,39)  (3299,180)  (3275,180)  (3228,133)  (3228,109)  (3371,133)  (3371,157)  (3371,181)  (3347,181)  (3323,181)  (3251,181)  (3227,181)  (3227,157)  (3298,37)  (3322,37)  (3346,37)  (3372,63)  (3372,87)  (3226,85)  (3226,61)  (3226,37)  (3250,36)  (3274,36)  (3370,15)  (3394,15)  (3394,39)  (3299,204)  (3275,204)  (3204,133)  (3204,109) 
Pskov  (2579,685)  (2555,708)  (2555,684)  (2602,709)  (2579,661)  (2603,666)  (2553,660)  (2578,732)  (2554,732)  (2531,708)  (2531,684)  (2626,690)  (2626,714)  (2602,733)  (2529,660)  (2529,636)  (2631,738)  (2642,666)  (2507,688)  (2650,690)  (2650,714)  (2505,664)  (2505,640)  (2505,616)  (2655,738)  (2655,762)  (2631,762)  (2666,663)  (2495,592)  (2674,687)  (2674,711)  (2679,735)  (2679,759)  (2679,783)  (2690,653)  (2698,677)  (2698,701)  (2703,725)  (2714,636)  (2722,660)  (2722,684)  (2738,633) 
Kharkov  (2876,1104)  (2852,1127)  (2852,1103)  (2899,1128)  (2876,1080)  (2900,1080)  (2900,1104)  (2850,1079)  (2875,1151)  (2851,1151)  (2828,1127)  (2828,1103)  (2923,1128)  (2923,1152)  (2899,1152)  (2827,1151)  (2924,1075)  (2924,1099)  (2826,1079)  (2875,1175)  (2804,1127)  (2804,1103)  (2947,1123)  (2947,1147)  (2947,1171)  (2923,1176)  (2899,1176)  (2948,1075)  (2948,1099)  (2802,1079)  (2966,1195)  (2784,1055)  (2781,1021)  (2780,1133)  (2780,1109)  (2971,1123)  (2971,1147)  (2971,1171)  (2929,1200)  (2905,1200)  (2972,1063)  (2972,1087)  (2778,1085)  (2768,997)  (2990,1195)  (2760,1061)  (2757,1037)  (2756,1121)  (2995,1111)  (2995,1135)  (2995,1159) 
Morocco  (926,2081)  (902,2104)  (902,2080)  (949,2105)  (926,2057)  (950,2057)  (950,2081)  (900,2056)  (925,2128)  (901,2128)  (878,2104)  (878,2080)  (973,2105)  (973,2129)  (949,2129)  (877,2129)  (924,2033)  (948,2033)  (972,2033)  (974,2057)  (974,2081)  (876,2056)  (876,2032)  (900,2032)  (996,2011)  (925,2152)  (901,2152)  (854,2105)  (854,2081)  (997,2105)  (997,2129)  (997,2153)  (973,2153)  (949,2153)  (877,2153)  (853,2153)  (853,2129)  (924,2009)  (948,2009)  (972,2009)  (998,2035)  (998,2059)  (852,2057)  (852,2033)  (852,2009)  (876,2008)  (900,2008)  (996,1987)  (925,2176)  (901,2176)  (830,2105)  (830,2081) 
Iraq  (3486,1869)  (3462,1892)  (3462,1868)  (3509,1893)  (3486,1845)  (3510,1845)  (3510,1869)  (3460,1844)  (3485,1916)  (3461,1916)  (3438,1892)  (3438,1868)  (3533,1893)  (3533,1917)  (3509,1917)  (3437,1917)  (3484,1821)  (3508,1821)  (3532,1821)  (3534,1845)  (3534,1869)  (3453,1820)  (3556,1799)  (3485,1940)  (3461,1940)  (3414,1893)  (3556,1941)  (3532,1941)  (3437,1941)  (3413,1941)  (3413,1917)  (3477,1797)  (3501,1797)  (3525,1797)  (3549,1775)  (3508,1964)  (3484,1964)  (3556,1965)  (3532,1965)  (3460,1965)  (3436,1965)  (3412,1965)  (3389,1941)  (3389,1917)  (3457,1773)  (3481,1773)  (3505,1773)  (3388,1966)  (3529,1751)  (3553,1751)  (3508,1988)  (3484,1988) 
Samara  (3488,755)  (3464,778)  (3464,754)  (3511,779)  (3488,731)  (3512,731)  (3512,755)  (3462,730)  (3487,802)  (3463,802)  (3440,778)  (3440,754)  (3535,779)  (3535,803)  (3511,803)  (3439,803)  (3486,707)  (3510,707)  (3534,707)  (3536,731)  (3536,755)  (3438,730)  (3438,706)  (3462,706)  (3487,826)  (3463,826)  (3556,827)  (3532,827)  (3439,827)  (3415,827)  (3415,803)  (3486,683)  (3510,683)  (3534,683)  (3426,682)  (3450,682)  (3508,850)  (3484,850)  (3556,851)  (3532,851)  (3460,851)  (3436,851)  (3412,851)  (3474,659)  (3498,659)  (3522,659)  (3546,659)  (3426,658)  (3450,658)  (3388,863)  (3508,874)  (3484,874) 
Celtic Sea Zone  (1111,1014)  (1087,1037)  (1087,1013)  (1134,1038)  (1111,990)  (1135,990)  (1135,1014)  (1085,989)  (1110,1061)  (1086,1061)  (1063,1037)  (1063,1013)  (1158,1038)  (1158,1062)  (1134,1062)  (1062,1062)  (1109,966)  (1133,966)  (1157,966)  (1159,990)  (1159,1014)  (1061,989)  (1061,965)  (1085,965)  (1181,965)  (1110,1085)  (1086,1085)  (1039,1038)  (1039,1014)  (1182,1038)  (1182,1062)  (1182,1086)  (1158,1086)  (1134,1086)  (1062,1086)  (1038,1086)  (1038,1062)  (1109,942)  (1133,942)  (1183,989)  (1183,1013)  (1037,990)  (1037,966)  (1037,942)  (1061,941)  (1085,941)  (1110,1109)  (1086,1109)  (1015,1038)  (1015,1014)  (1206,1037)  (1206,1061)  (1206,1085)  (1206,1109) 
Lorraine  (1666,1245)  (1642,1263)  (1642,1239)  (1689,1269)  (1666,1221)  (1690,1221)  (1690,1245)  (1635,1215)  (1665,1287)  (1618,1251)  (1713,1269)  (1713,1293)  (1689,1293)  (1659,1197)  (1714,1234)  (1665,1311)  (1700,1317) 
Tuscany  (1921,1539)  (1897,1562)  (1897,1538)  (1944,1563)  (1921,1515)  (1945,1519)  (1895,1514)  (1908,1586)  (1968,1543)  (1968,1567)  (1871,1515)  (1992,1549) 
Adriatic Sea Zone  (2087,1575)  (2063,1598)  (2063,1574)  (2110,1599)  (2087,1551)  (2111,1558)  (2061,1550)  (2086,1622)  (2039,1589)  (2134,1582)  (2134,1606)  (2110,1623)  (2037,1565)  (2037,1541)  (2061,1526)  (2141,1630)  (2028,1517)  (2158,1587)  (2052,1502)  (2165,1611)  (2165,1635)  (2141,1654)  (2004,1521)  (2004,1497)  (2028,1493)  (2170,1659)  (1984,1473)  (2189,1599)  (2189,1623)  (1980,1504)  (2038,1469)  (2194,1647)  (2194,1671)  (1976,1449)  (2213,1615)  (2215,1695)  (2218,1639)  (2218,1663)  (2239,1687)  (2242,1638)  (2242,1662) 
Astrakhan  (3366,1050)  (3342,1073)  (3342,1049)  (3389,1074)  (3366,1026)  (3390,1026)  (3390,1050)  (3340,1025)  (3365,1097)  (3341,1097)  (3318,1073)  (3318,1049)  (3413,1074)  (3413,1098)  (3389,1098)  (3317,1098)  (3364,1002)  (3388,1002)  (3412,1002)  (3414,1026)  (3414,1050)  (3316,1025)  (3316,1001)  (3340,1001)  (3436,980)  (3365,1121)  (3341,1121)  (3294,1074)  (3294,1050)  (3437,1074)  (3437,1098)  (3433,1122)  (3409,1122)  (3317,1122)  (3293,1122)  (3293,1098)  (3364,978)  (3388,978)  (3412,978)  (3438,1004)  (3438,1028)  (3292,1026)  (3292,1002)  (3292,978)  (3316,977)  (3340,977)  (3385,1145)  (3361,1145)  (3461,1052)  (3461,1076)  (3433,1146)  (3409,1146)  (3337,1146)  (3313,1146) 
Picardy  (1541,1176)  (1517,1199)  (1517,1175)  (1564,1200)  (1541,1152)  (1565,1152)  (1565,1176)  (1501,1223)  (1493,1199)  (1493,1175)  (1588,1200)  (1580,1224)  (1589,1149)  (1589,1173)  (1613,1158) 
Canada  (298,347)  (274,370)  (274,346)  (321,371)  (298,323)  (322,323)  (322,347)  (272,322)  (297,394)  (273,394)  (250,370)  (250,346)  (345,371)  (345,395)  (321,395)  (249,395)  (296,299)  (320,299)  (344,299)  (346,323)  (346,347)  (248,322)  (248,298)  (272,298)  (368,277)  (297,418)  (273,418)  (226,371)  (226,347)  (369,371)  (369,395)  (369,419)  (345,419)  (321,419)  (249,419)  (225,419)  (225,395)  (296,275)  (320,275)  (344,275)  (370,301)  (370,325)  (240,274)  (264,274)  (368,253)  (392,253)  (392,277)  (297,442)  (273,442)  (202,371)  (202,347) 
Mid-Atlantic Sea Zone  (747,1000)  (723,1023)  (723,999)  (770,1024)  (747,976)  (771,976)  (771,1000)  (721,975)  (746,1047)  (722,1047)  (699,1023)  (699,999)  (794,1024)  (794,1048)  (770,1048)  (698,1048)  (745,952)  (769,952)  (793,952)  (795,976)  (795,1000)  (697,975)  (697,951)  (721,951)  (817,930)  (746,1071)  (722,1071)  (675,1024)  (675,1000)  (818,1024)  (818,1048)  (818,1072)  (794,1072)  (770,1072)  (698,1072)  (674,1072)  (674,1048)  (745,928)  (769,928)  (793,928)  (819,954)  (819,978)  (673,976)  (673,952)  (673,928)  (697,927)  (721,927)  (817,906)  (841,906)  (841,930)  (746,1095)  (722,1095)  (651,1024)  (651,1000) 
Turkey  (2901,1693)  (2877,1716)  (2877,1692)  (2924,1717)  (2901,1669)  (2925,1669)  (2925,1693)  (2875,1668)  (2900,1740)  (2876,1740)  (2853,1716)  (2853,1692)  (2948,1717)  (2948,1741)  (2924,1741)  (2852,1741)  (2899,1645)  (2923,1645)  (2947,1645)  (2949,1669)  (2949,1693)  (2851,1668)  (2851,1644)  (2875,1644)  (2971,1623)  (2900,1764)  (2876,1764)  (2829,1717)  (2829,1693)  (2972,1717)  (2972,1741)  (2972,1765)  (2948,1765)  (2924,1765)  (2852,1765)  (2828,1765)  (2828,1741)  (2899,1621)  (2923,1621)  (2947,1621)  (2973,1647)  (2973,1671)  (2827,1669)  (2827,1645)  (2874,1620)  (2971,1599)  (2995,1599)  (2995,1623)  (2900,1788)  (2876,1788)  (2805,1717)  (2805,1693) 
Belgium  (1646,1115)  (1622,1130)  (1622,1106)  (1669,1139)  (1646,1091)  (1670,1091)  (1670,1115)  (1645,1154)  (1598,1121)  (1598,1097)  (1693,1139)  (1693,1163)  (1669,1163) 
Perm  (3449,374)  (3425,397)  (3425,373)  (3472,398)  (3449,350)  (3473,350)  (3473,374)  (3423,349)  (3448,421)  (3424,421)  (3401,397)  (3401,373)  (3496,398)  (3496,422)  (3472,422)  (3400,422)  (3447,326)  (3471,326)  (3495,326)  (3497,350)  (3497,374)  (3399,349)  (3399,325)  (3423,325)  (3519,304)  (3448,445)  (3424,445)  (3377,398)  (3377,374)  (3520,398)  (3520,422)  (3520,446)  (3496,446)  (3472,446)  (3400,446)  (3376,446)  (3376,422)  (3447,302)  (3471,302)  (3495,302)  (3521,328)  (3521,352)  (3375,350)  (3375,326)  (3375,302)  (3399,301)  (3423,301)  (3519,280)  (3543,280)  (3543,304)  (3448,469)  (3424,469)  (3353,398)  (3353,374) 
North Sea Zone  (1630,627)  (1606,650)  (1606,626)  (1653,651)  (1630,603)  (1654,603)  (1654,627)  (1604,602)  (1629,674)  (1605,674)  (1582,650)  (1582,626)  (1677,651)  (1677,675)  (1653,675)  (1581,675)  (1628,579)  (1652,579)  (1676,579)  (1678,603)  (1678,627)  (1580,602)  (1580,578)  (1604,578)  (1700,557)  (1629,698)  (1605,698)  (1558,651)  (1558,627)  (1701,651)  (1701,675)  (1701,699)  (1677,699)  (1653,699)  (1581,699)  (1557,699)  (1557,675)  (1628,555)  (1652,555)  (1676,555)  (1702,581)  (1702,605)  (1556,603)  (1556,579)  (1556,555)  (1580,554)  (1604,554)  (1700,533)  (1724,533)  (1724,557)  (1629,722)  (1605,722)  (1534,651)  (1534,627) 
Finland  (2400,362)  (2376,385)  (2376,361)  (2423,386)  (2400,338)  (2424,338)  (2424,362)  (2374,337)  (2399,409)  (2375,409)  (2352,385)  (2352,361)  (2447,386)  (2447,410)  (2423,410)  (2351,410)  (2398,314)  (2422,314)  (2446,314)  (2448,338)  (2448,362)  (2350,337)  (2350,313)  (2374,313)  (2470,292)  (2399,433)  (2375,433)  (2328,386)  (2328,362)  (2471,386)  (2471,410)  (2471,434)  (2447,434)  (2423,434)  (2351,434)  (2327,434)  (2327,410)  (2398,290)  (2422,290)  (2446,290)  (2472,316)  (2472,340)  (2368,289)  (2399,457)  (2375,457)  (2304,386)  (2495,364)  (2495,388)  (2495,412)  (2495,436)  (2471,458)  (2447,458)  (2423,458)  (2351,458)  (2327,458)  (2303,458)  (2303,434)  (2303,410) 
Halifax Sea Zone  (855,641)  (831,664)  (831,640)  (878,665)  (855,617)  (879,617)  (879,641)  (829,616)  (854,688)  (830,688)  (807,664)  (807,640)  (902,665)  (902,689)  (878,689)  (806,689)  (853,593)  (877,593)  (901,593)  (903,617)  (903,641)  (805,616)  (805,592)  (829,592)  (925,571)  (854,712)  (830,712)  (783,665)  (783,641)  (926,665)  (926,689)  (926,713)  (902,713)  (878,713)  (806,713)  (782,713)  (782,689)  (853,569)  (877,569)  (901,569)  (927,595)  (927,619)  (781,617)  (781,593)  (781,569)  (805,568)  (829,568)  (925,547)  (949,547)  (949,571)  (854,736)  (830,736)  (759,665)  (759,641) 
Hanover  (1836,994)  (1812,1017)  (1812,993)  (1859,1018)  (1836,970)  (1860,970)  (1860,994)  (1803,1041)  (1788,1017)  (1788,993)  (1883,1018)  (1883,1042)  (1876,946)  (1884,970)  (1884,994)  (1886,1066)  (1871,922)  (1871,898) 
Saxony  (1948,1081)  (1924,1104)  (1924,1080)  (1971,1105)  (1948,1057)  (1972,1057)  (1972,1081)  (1924,1042)  (1947,1128)  (1923,1128)  (1900,1104)  (1995,1105)  (1994,1129)  (1948,1033)  (1996,1069)  (2019,1102) 
Barents Sea Zone  (2016,43)  (1992,66)  (1992,42)  (2039,67)  (2016,19)  (2040,19)  (2040,43)  (1990,18)  (2015,90)  (1991,90)  (1968,66)  (1968,42)  (2063,67)  (2063,91)  (2039,91)  (1967,91)  (2064,0)  (2064,24)  (1966,18)  (2015,114)  (1991,114)  (1944,67)  (1944,43)  (2087,48)  (2042,115)  (1967,115)  (1943,115)  (1943,91)  (2088,0)  (2088,24)  (1942,19)  (2014,138)  (1920,67)  (1920,43)  (2111,48)  (1990,139)  (1966,139)  (1942,139)  (1919,115)  (1919,91)  (2112,0)  (2112,24)  (1918,140)  (1918,19)  (2114,72)  (2052,152)  (2028,162)  (1896,67)  (1896,43)  (2135,48)  (2004,163)  (1980,163)  (1956,163)  (1895,116)  (1895,92) 
Crete  (2604,1991) 
Veneto  (1909,1430)  (1885,1453)  (1885,1429)  (1932,1454)  (1933,1411)  (1880,1405)  (1908,1477)  (1956,1386)  (1940,1478)  (1957,1410)  (1980,1381)  (1981,1405) 
Northeast Passage Sea Zone  (1542,211)  (1518,234)  (1518,210)  (1565,235)  (1542,187)  (1566,187)  (1566,211)  (1516,186)  (1541,258)  (1517,258)  (1494,234)  (1494,210)  (1589,235)  (1589,259)  (1565,259)  (1493,259)  (1540,163)  (1564,163)  (1588,163)  (1590,187)  (1590,211)  (1492,186)  (1492,162)  (1516,162)  (1612,141)  (1541,282)  (1517,282)  (1470,235)  (1470,211)  (1613,235)  (1613,259)  (1613,283)  (1589,283)  (1565,283)  (1493,283)  (1469,283)  (1469,259)  (1540,139)  (1564,139)  (1588,139)  (1614,165)  (1614,189)  (1468,187)  (1468,163)  (1468,139)  (1492,138)  (1516,138)  (1612,117)  (1636,117)  (1636,141)  (1541,306)  (1517,306)  (1446,235)  (1446,211) 
United States  (175,764)  (151,787)  (151,763)  (198,788)  (175,740)  (199,740)  (199,764)  (149,739)  (174,811)  (150,811)  (127,787)  (127,763)  (222,788)  (222,812)  (198,812)  (126,812)  (173,716)  (197,716)  (221,716)  (223,740)  (223,764)  (125,739)  (125,715)  (149,715)  (245,694)  (174,835)  (150,835)  (103,788)  (103,764)  (246,788)  (246,812)  (246,836)  (222,836)  (198,836)  (126,836)  (102,836)  (102,812)  (173,692)  (197,692)  (221,692)  (247,718)  (247,742)  (101,740)  (101,716)  (101,692)  (125,691)  (149,691)  (259,670)  (269,694)  (174,859)  (150,859)  (79,788)  (79,764) 
Erzurum  (3314,1564)  (3290,1587)  (3290,1563)  (3337,1588)  (3314,1540)  (3338,1540)  (3338,1564)  (3288,1539)  (3313,1611)  (3266,1600)  (3266,1576)  (3361,1588)  (3361,1612)  (3337,1612)  (3312,1516)  (3362,1531)  (3362,1555)  (3264,1552)  (3264,1528)  (3288,1515)  (3242,1606)  (3242,1582)  (3385,1579)  (3385,1603)  (3385,1627)  (3361,1636)  (3386,1536)  (3240,1558)  (3240,1534)  (3283,1491)  (3400,1651)  (3409,1560)  (3409,1584)  (3409,1608)  (3216,1572)  (3216,1548)  (3424,1632)  (3424,1656)  (3433,1591)  (3448,1615)  (3448,1639)  (3472,1631) 
Brittany  (1381,1233)  (1357,1256)  (1357,1232)  (1404,1257)  (1381,1209)  (1405,1209)  (1405,1233)  (1355,1208)  (1380,1280)  (1356,1280)  (1406,1281)  (1398,1185)  (1422,1185)  (1429,1209)  (1429,1233)  (1331,1228)  (1331,1204)  (1382,1304)  (1307,1206)  (1292,1182)  (1396,1328)  (1394,1352) 
South Atlantic Sea Zone  (420,2013)  (396,2036)  (396,2012)  (443,2037)  (420,1989)  (444,1989)  (444,2013)  (394,1988)  (419,2060)  (395,2060)  (372,2036)  (372,2012)  (467,2037)  (467,2061)  (443,2061)  (371,2061)  (418,1965)  (442,1965)  (466,1965)  (468,1989)  (468,2013)  (370,1988)  (370,1964)  (394,1964)  (490,1943)  (419,2084)  (395,2084)  (348,2037)  (348,2013)  (491,2037)  (491,2061)  (491,2085)  (467,2085)  (443,2085)  (371,2085)  (347,2085)  (347,2061)  (418,1941)  (442,1941)  (466,1941)  (492,1967)  (492,1991)  (346,1989)  (346,1965)  (346,1941)  (370,1940)  (394,1940)  (490,1919)  (514,1919)  (514,1943)  (419,2108)  (395,2108)  (324,2037)  (324,2013) 
Moscow  (3071,582)  (3047,605)  (3047,581)  (3094,606)  (3071,558)  (3095,558)  (3095,582)  (3045,557)  (3070,629)  (3046,629)  (3023,605)  (3023,581)  (3118,606)  (3118,630)  (3094,630)  (3022,630)  (3069,534)  (3093,534)  (3117,534)  (3119,558)  (3119,582)  (3021,557)  (3021,533)  (3045,533)  (3141,512)  (3070,653)  (3046,653)  (2999,606)  (2999,582)  (3142,606)  (3142,630)  (3142,654)  (3118,654)  (3094,654)  (3022,654)  (2998,654)  (2998,630)  (3069,510)  (3093,510)  (3117,510)  (3143,536)  (3143,560)  (2997,558)  (2997,534)  (2997,510)  (3021,509)  (3045,509)  (3141,488)  (3165,499)  (3070,677)  (3046,677)  (2975,606)  (2975,582) 
Libya  (2395,2198)  (2371,2221)  (2371,2197)  (2418,2222)  (2395,2174)  (2419,2174)  (2419,2198)  (2394,2245)  (2370,2245)  (2442,2222)  (2442,2246)  (2418,2246)  (2443,2160)  (2443,2184)  (2346,2247)  (2466,2208)  (2466,2232)  (2466,2256)  (2322,2260)  (2467,2160)  (2467,2184)  (2490,2208)  (2490,2232)  (2490,2256)  (2298,2260)  (2491,2161)  (2514,2190)  (2514,2214)  (2514,2238)  (2274,2260)  (2538,2194)  (2538,2218)  (2538,2242)  (2250,2260)  (2562,2200)  (2562,2224)  (2562,2248)  (2226,2260)  (2586,2199)  (2586,2223)  (2586,2247)  (2202,2260)  (2610,2195)  (2610,2219)  (2610,2243)  (2178,2260)  (2154,2260)  (2130,2260)  (2106,2260)  (2083,2236)  (2082,2260) 
Davis Strait Sea Zone  (743,117)  (719,140)  (719,116)  (766,141)  (743,93)  (767,93)  (767,117)  (717,92)  (742,164)  (718,164)  (695,140)  (695,116)  (790,141)  (790,165)  (766,165)  (694,165)  (741,69)  (765,69)  (789,69)  (791,93)  (791,117)  (693,92)  (693,68)  (717,68)  (813,47)  (742,188)  (718,188)  (671,141)  (671,117)  (814,141)  (814,165)  (814,189)  (790,189)  (766,189)  (694,189)  (741,45)  (765,45)  (789,45)  (815,71)  (815,95)  (669,93)  (669,69)  (669,45)  (693,44)  (717,44)  (813,23)  (837,23)  (837,47)  (742,212)  (718,212)  (647,118) 
Sweden  (2088,475)  (2064,498)  (2064,474)  (2111,499)  (2088,451)  (2112,451)  (2112,475)  (2062,450)  (2087,522)  (2063,522)  (2040,498)  (2040,474)  (2135,499)  (2135,523)  (2111,523)  (2039,523)  (2086,427)  (2110,427)  (2134,427)  (2136,451)  (2136,475)  (2038,450)  (2038,426)  (2062,426)  (2158,405)  (2087,546)  (2063,546)  (2016,488)  (2140,547)  (2116,547)  (2039,547)  (2015,547)  (2086,403)  (2110,403)  (2134,403)  (2014,464)  (2014,440)  (2014,416)  (2038,402)  (2062,402)  (2164,569)  (2158,381)  (2092,570)  (2068,570)  (2182,380)  (2140,571)  (2116,571)  (2044,571)  (2020,571)  (2086,379)  (2110,379)  (2134,379) 
Aquitaine  (1412,1453)  (1388,1476)  (1388,1452)  (1435,1477)  (1412,1429)  (1436,1429)  (1436,1453)  (1386,1428)  (1411,1500)  (1387,1500)  (1364,1476)  (1364,1452)  (1459,1477)  (1455,1501)  (1363,1501)  (1410,1405)  (1434,1405)  (1460,1409)  (1460,1433)  (1362,1428)  (1364,1404)  (1431,1524)  (1407,1524)  (1340,1477)  (1484,1416)  (1484,1440) 
North Black Sea Zone  (3040,1385)  (3016,1408)  (3016,1384)  (3063,1409)  (3040,1361)  (3064,1361)  (3064,1385)  (3014,1360)  (3039,1432)  (3015,1432)  (2992,1408)  (2992,1384)  (3087,1409)  (3087,1433)  (3063,1433)  (2991,1432)  (3038,1337)  (3088,1347)  (3088,1371)  (2990,1360)  (2968,1408)  (2968,1384)  (3111,1395)  (3111,1419)  (3111,1443)  (3087,1457)  (3063,1457)  (3112,1354)  (2983,1310)  (3121,1467)  (3007,1302)  (2944,1416)  (3135,1378)  (3135,1402)  (3135,1426)  (3031,1288)  (2966,1286)  (3145,1450)  (3145,1474)  (2990,1278)  (3159,1374)  (3159,1398)  (3159,1422)  (3014,1264)  (3038,1264)  (3169,1446)  (3169,1470)  (3171,1494)  (2901,1402)  (3183,1380)  (3183,1404) 
Poland  (2303,1034)  (2279,1057)  (2279,1033)  (2326,1058)  (2303,1010)  (2327,1010)  (2327,1034)  (2277,1009)  (2302,1081)  (2278,1081)  (2255,1057)  (2255,1033)  (2350,1058)  (2350,1082)  (2326,1082)  (2254,1082)  (2301,986)  (2325,986)  (2349,986)  (2351,1010)  (2351,1034)  (2253,1009)  (2302,1105)  (2278,1105)  (2231,1058)  (2231,1034)  (2374,1058)  (2374,1082)  (2374,1106)  (2254,1106)  (2230,1091)  (2398,1076)  (2398,1100)  (2262,1130)  (2385,928)  (2385,904) 
Bulgaria  (2561,1556)  (2537,1579)  (2537,1555)  (2584,1580)  (2561,1532)  (2585,1532)  (2585,1556)  (2535,1531)  (2560,1603)  (2536,1603)  (2513,1579)  (2513,1555)  (2608,1580)  (2608,1604)  (2584,1604)  (2512,1604)  (2559,1508)  (2583,1508)  (2607,1508)  (2609,1532)  (2609,1556)  (2511,1531)  (2511,1507)  (2535,1507)  (2631,1486)  (2560,1627)  (2536,1627)  (2489,1580)  (2489,1556)  (2600,1628)  (2512,1628)  (2488,1628)  (2488,1604)  (2633,1510)  (2633,1534)  (2633,1558)  (2487,1532)  (2487,1508)  (2655,1484)  (2576,1651)  (2465,1580)  (2465,1556)  (2464,1631)  (2464,1607)  (2657,1508)  (2657,1532)  (2657,1556)  (2463,1532)  (2463,1508)  (2441,1583)  (2681,1493) 
Jordan  (3292,2076)  (3268,2099)  (3268,2075)  (3315,2100)  (3292,2052)  (3316,2052)  (3316,2076)  (3266,2051)  (3291,2123)  (3267,2123)  (3329,2124)  (3290,2028)  (3314,2028)  (3338,2028)  (3243,2027)  (3243,2142)  (3362,2006)  (3305,2147)  (3281,2147)  (3336,2148)  (3267,2004)  (3291,2004)  (3315,2004)  (3242,2003)  (3257,2166)  (3339,1982)  (3312,2171)  (3288,2171)  (3345,2172)  (3312,1980)  (3233,2180)  (3264,2190)  (3336,1958)  (3321,2195)  (3297,2195)  (3240,2204)  (3273,2214)  (3245,2228)  (3221,2228) 
Tunisia  (1753,2100)  (1729,2123)  (1729,2099)  (1776,2124)  (1753,2076)  (1777,2076)  (1777,2100)  (1729,2075)  (1752,2147)  (1728,2147)  (1705,2123)  (1705,2099)  (1800,2124)  (1800,2148)  (1776,2148)  (1753,2052)  (1777,2052)  (1801,2052)  (1801,2076)  (1801,2100)  (1752,2171)  (1728,2171)  (1824,2137)  (1824,2161)  (1800,2172)  (1776,2172)  (1747,2028)  (1771,2028)  (1795,2028)  (1819,2028)  (1825,2052)  (1837,2185)  (1843,2010)  (1752,2195)  (1848,2142)  (1813,2196)  (1789,2196)  (1748,2004)  (1772,2004)  (1796,2004)  (1849,2034)  (1861,2166)  (1861,2190)  (1820,1986)  (1765,2219)  (1807,2220)  (1751,1980)  (1775,1980)  (1799,1962)  (1823,1962)  (1783,2243) 
Aegean Sea Zone  (2610,1879)  (2586,1902)  (2586,1878)  (2633,1903)  (2610,1855)  (2634,1855)  (2634,1879)  (2584,1854)  (2609,1926)  (2585,1926)  (2562,1902)  (2562,1878)  (2657,1903)  (2657,1927)  (2633,1927)  (2561,1927)  (2608,1831)  (2632,1831)  (2658,1858)  (2560,1854)  (2560,1830)  (2584,1830)  (2609,1950)  (2585,1950)  (2538,1903)  (2538,1879)  (2681,1882)  (2681,1906)  (2681,1930)  (2657,1951)  (2633,1951)  (2561,1951)  (2537,1951)  (2537,1927)  (2608,1807)  (2536,1835)  (2536,1811)  (2560,1806)  (2584,1806)  (2684,1954)  (2517,1787)  (2602,1974)  (2514,1903)  (2514,1879)  (2705,1894)  (2705,1918)  (2578,1975)  (2513,1966)  (2513,1942)  (2608,1783)  (2541,1782)  (2565,1782) 
Sardinia  (1799,1711)  (1810,1735)  (1801,1687) 
Burgundy  (1610,1353)  (1586,1376)  (1586,1352)  (1633,1377)  (1610,1329)  (1634,1331)  (1584,1328)  (1609,1400)  (1585,1400)  (1657,1355)  (1657,1379)  (1633,1401)  (1608,1305)  (1659,1403)  (1683,1386)  (1683,1410)  (1707,1389) 
Strait of Gibraltar Sea Zone  (1118,1879)  (1094,1902)  (1094,1878)  (1141,1903)  (1142,1863)  (1106,1854)  (1070,1901)  (1070,1877)  (1165,1887)  (1165,1911)  (1173,1935)  (1189,1869)  (1189,1893)  (1197,1917)  (1213,1863)  (1213,1887)  (1221,1911)  (1009,1861)  (1237,1840)  (1237,1864)  (994,1837)  (1245,1888)  (1245,1912)  (986,1813)  (985,1882)  (1261,1841)  (970,1858)  (966,1906)  (1269,1865)  (1269,1889)  (1269,1913)  (962,1834)  (962,1810)  (961,1882)  (1285,1840)  (946,1858)  (942,1929)  (938,1834)  (938,1810)  (937,1905)  (922,1875) 
Switzerland  (1778,1341)  (1754,1364)  (1754,1340)  (1801,1365)  (1778,1317)  (1802,1317)  (1802,1341)  (1730,1363)  (1730,1339)  (1826,1329)  (1826,1353)  (1850,1358) 
Vologda  (3125,376)  (3101,399)  (3101,375)  (3148,400)  (3125,352)  (3149,352)  (3149,376)  (3099,351)  (3124,423)  (3100,423)  (3077,399)  (3077,375)  (3172,400)  (3172,424)  (3148,424)  (3076,424)  (3123,328)  (3147,328)  (3173,332)  (3173,356)  (3075,351)  (3075,327)  (3099,327)  (3053,400)  (3053,376)  (3196,380)  (3196,404)  (3196,428)  (3172,448)  (3148,448)  (3052,436)  (3197,337)  (3051,352)  (3051,328)  (3051,304)  (3075,303)  (3099,303)  (3200,452)  (3029,412)  (3029,388)  (3220,361)  (3220,385)  (3220,409)  (3028,441)  (3036,280)  (3027,364)  (3027,340)  (3027,316)  (3060,279)  (3224,433)  (3224,457) 
Spain  (1179,1623)  (1155,1646)  (1155,1622)  (1202,1647)  (1179,1599)  (1203,1599)  (1203,1623)  (1153,1598)  (1178,1670)  (1154,1670)  (1131,1646)  (1131,1622)  (1226,1647)  (1226,1671)  (1202,1671)  (1130,1671)  (1177,1575)  (1201,1575)  (1225,1575)  (1227,1599)  (1227,1623)  (1129,1598)  (1129,1574)  (1153,1574)  (1249,1553)  (1178,1694)  (1154,1694)  (1107,1647)  (1107,1623)  (1250,1647)  (1250,1671)  (1250,1695)  (1226,1695)  (1202,1695)  (1130,1695)  (1106,1695)  (1106,1671)  (1177,1551)  (1201,1551)  (1225,1551)  (1251,1577)  (1251,1601)  (1105,1599)  (1105,1575)  (1105,1551)  (1129,1550)  (1153,1550)  (1249,1529)  (1273,1529)  (1273,1553)  (1178,1718)  (1154,1718)  (1083,1647)  (1083,1623) 
Palestine  (3188,2068)  (3164,2091)  (3164,2067)  (3211,2092)  (3188,2044)  (3212,2044)  (3212,2068)  (3162,2043)  (3187,2115)  (3163,2115)  (3235,2092)  (3220,2116)  (3186,2020)  (3210,2020)  (3196,2139)  (3172,2139)  (3175,1996)  (3199,1996)  (3205,2163)  (3181,2163)  (3196,1972)  (3200,2187)  (3190,2211) 
Sicily  (2021,1879)  (1997,1879)  (2044,1903)  (2045,1869)  (1973,1865) 
Bohemia  (2085,1170)  (2061,1193)  (2061,1169)  (2108,1194)  (2085,1146)  (2109,1146)  (2109,1170)  (2059,1145)  (2084,1217)  (2060,1217)  (2037,1193)  (2037,1169)  (2132,1194)  (2132,1218)  (2133,1152)  (2078,1121)  (2013,1172)  (2156,1176)  (2156,1200)  (2180,1165)  (2180,1189)  (2180,1213)  (2204,1175) 
Courland  (2365,765)  (2341,776)  (2389,765)  (2336,752)  (2317,778)  (2413,764)  (2312,754)  (2437,766) 
U.S. Eastern Coast Sea Zone  (431,906)  (407,929)  (407,905)  (454,930)  (431,882)  (455,882)  (455,906)  (405,881)  (430,953)  (406,953)  (383,929)  (383,905)  (478,930)  (478,954)  (454,954)  (382,954)  (429,858)  (453,858)  (477,858)  (479,882)  (479,906)  (381,881)  (381,857)  (405,857)  (501,836)  (430,977)  (406,977)  (359,930)  (359,906)  (502,930)  (502,954)  (502,978)  (478,978)  (454,978)  (382,978)  (358,978)  (358,954)  (429,834)  (453,834)  (477,834)  (503,860)  (503,884)  (357,882)  (384,833)  (501,812)  (525,812)  (430,1001)  (406,1001)  (335,930)  (335,906)  (511,1002)  (487,1002)  (463,1002)  (382,1002)  (358,1002)  (334,1002)  (334,978)  (334,954) 
South Black Sea Zone  (2820,1483)  (2796,1506)  (2796,1482)  (2843,1507)  (2820,1459)  (2844,1459)  (2844,1483)  (2794,1458)  (2819,1530)  (2795,1530)  (2772,1506)  (2772,1482)  (2867,1507)  (2867,1531)  (2843,1531)  (2771,1531)  (2818,1435)  (2842,1435)  (2866,1435)  (2868,1459)  (2868,1483)  (2770,1458)  (2770,1434)  (2794,1434)  (2890,1430)  (2819,1554)  (2795,1554)  (2748,1507)  (2748,1483)  (2891,1507)  (2891,1531)  (2880,1555)  (2856,1555)  (2771,1555)  (2747,1555)  (2747,1531)  (2818,1411)  (2892,1454)  (2892,1478)  (2746,1459)  (2746,1435)  (2754,1410)  (2778,1410)  (2832,1578)  (2808,1578)  (2724,1507)  (2724,1483)  (2915,1502)  (2915,1526)  (2860,1579)  (2784,1579)  (2760,1579)  (2736,1579)  (2723,1555)  (2723,1531) 
Estonia  (2404,603)  (2380,616)  (2428,600)  (2356,626)  (2452,600) 
Eastern Mediterranean Sea Zone  (2807,2061)  (2783,2084)  (2783,2060)  (2830,2085)  (2807,2037)  (2831,2037)  (2831,2061)  (2781,2036)  (2806,2108)  (2782,2108)  (2759,2084)  (2759,2060)  (2854,2085)  (2854,2109)  (2830,2109)  (2758,2109)  (2805,2013)  (2829,2013)  (2853,2013)  (2855,2037)  (2855,2061)  (2757,2036)  (2757,2012)  (2781,2012)  (2877,2002)  (2806,2132)  (2782,2132)  (2735,2085)  (2735,2061)  (2878,2085)  (2878,2109)  (2878,2133)  (2854,2133)  (2830,2133)  (2758,2133)  (2734,2133)  (2734,2109)  (2879,2026)  (2879,2050)  (2733,2037)  (2733,2013)  (2901,2002)  (2806,2156)  (2782,2156)  (2711,2085)  (2711,2061)  (2902,2074)  (2902,2098)  (2902,2122)  (2902,2146)  (2878,2157)  (2854,2157)  (2830,2157)  (2758,2157)  (2734,2157)  (2710,2157)  (2710,2133)  (2710,2109) 
Gibraltar  (1038,1835) 
Cyprus  (3041,1925) 
Ruhr  (1785,1108)  (1761,1131)  (1761,1107)  (1808,1132)  (1785,1084)  (1809,1084)  (1809,1108)  (1759,1083)  (1770,1155)  (1746,1155)  (1737,1131)  (1737,1107)  (1832,1132)  (1833,1073)  (1833,1097)  (1735,1083)  (1733,1179)  (1856,1121) 
Smolensk  (2846,732)  (2822,755)  (2822,731)  (2869,756)  (2846,708)  (2870,708)  (2870,732)  (2820,707)  (2845,779)  (2821,779)  (2798,755)  (2798,731)  (2893,756)  (2893,780)  (2869,780)  (2797,780)  (2844,684)  (2868,684)  (2892,684)  (2894,708)  (2894,732)  (2796,707)  (2796,683)  (2820,683)  (2916,662)  (2845,803)  (2821,803)  (2774,756)  (2774,732)  (2917,756)  (2917,780)  (2917,804)  (2893,804)  (2869,804)  (2797,804)  (2773,804)  (2773,780)  (2844,660)  (2868,660)  (2892,660)  (2918,686)  (2918,710)  (2772,708)  (2772,684)  (2772,660)  (2796,659)  (2820,659)  (2844,827)  (2750,756)  (2750,732)  (2941,734)  (2941,758)  (2941,782)  (2941,806) 
Kiev  (2653,1147)  (2629,1170)  (2629,1146)  (2676,1171)  (2653,1123)  (2677,1123)  (2677,1147)  (2627,1122)  (2652,1194)  (2628,1194)  (2605,1170)  (2605,1146)  (2700,1171)  (2700,1195)  (2676,1195)  (2604,1195)  (2651,1099)  (2675,1099)  (2699,1099)  (2701,1123)  (2701,1147)  (2603,1122)  (2603,1098)  (2627,1098)  (2581,1148)  (2724,1171)  (2724,1195)  (2724,1219)  (2651,1075)  (2675,1075)  (2725,1139)  (2579,1124)  (2579,1100)  (2579,1076)  (2603,1074)  (2627,1074)  (2748,1163)  (2748,1187)  (2748,1211)  (2748,1235)  (2724,1243)  (2555,1142)  (2555,1118)  (2555,1094)  (2555,1070)  (2764,1259)  (2772,1165)  (2772,1189)  (2772,1213)  (2740,1267)  (2531,1105)  (2531,1081)  (2531,1057) 
Great Britain  (1445,965)  (1421,988)  (1421,964)  (1468,989)  (1445,941)  (1469,941)  (1469,965)  (1419,940)  (1444,1012)  (1420,1012)  (1397,988)  (1397,964)  (1492,989)  (1492,1013)  (1468,1013)  (1396,1013)  (1443,917)  (1467,917)  (1491,917)  (1493,941)  (1493,965)  (1395,940)  (1444,1036)  (1420,1036)  (1373,989)  (1516,989)  (1516,1013)  (1500,1037)  (1476,1037)  (1396,1037)  (1437,893)  (1461,893)  (1485,893)  (1372,1042)  (1422,1060)  (1540,993)  (1499,1061)  (1475,1061)  (1398,1061)  (1348,1057)  (1445,869)  (1469,869)  (1324,1064)  (1429,845)  (1453,845)  (1477,845)  (1443,821)  (1467,821)  (1419,797)  (1443,797)  (1467,797) 
Rome  (1989,1626)  (1965,1649)  (1965,1625)  (2012,1650)  (1989,1602)  (2013,1611)  (1963,1601)  (2036,1635)  (2036,1659)  (2012,1674)  (1939,1620) 
Central Mediterranean Sea Zone  (2239,1951)  (2215,1974)  (2215,1950)  (2262,1975)  (2239,1927)  (2263,1927)  (2263,1951)  (2213,1926)  (2238,1998)  (2214,1998)  (2191,1974)  (2191,1950)  (2286,1975)  (2286,1999)  (2262,1999)  (2190,1999)  (2237,1903)  (2261,1903)  (2285,1903)  (2287,1927)  (2287,1951)  (2189,1926)  (2189,1902)  (2213,1902)  (2309,1881)  (2238,2022)  (2214,2022)  (2167,1975)  (2167,1951)  (2310,1975)  (2310,1999)  (2310,2023)  (2286,2023)  (2262,2023)  (2190,2023)  (2166,2023)  (2166,1999)  (2237,1879)  (2261,1879)  (2285,1879)  (2311,1905)  (2311,1929)  (2165,1927)  (2165,1903)  (2165,1879)  (2189,1878)  (2213,1878)  (2309,1857)  (2333,1857)  (2333,1881)  (2238,2046)  (2214,2046)  (2143,1975)  (2143,1951) 
Arabia  (3423,2154)  (3399,2177)  (3399,2153)  (3446,2178)  (3423,2130)  (3447,2130)  (3447,2154)  (3397,2129)  (3422,2201)  (3398,2201)  (3375,2177)  (3375,2153)  (3470,2178)  (3470,2202)  (3446,2202)  (3374,2202)  (3421,2106)  (3445,2106)  (3469,2106)  (3471,2130)  (3471,2154)  (3373,2129)  (3373,2105)  (3397,2105)  (3493,2084)  (3422,2225)  (3398,2225)  (3494,2178)  (3494,2202)  (3494,2226)  (3470,2226)  (3446,2226)  (3374,2226)  (3350,2226)  (3421,2082)  (3445,2082)  (3469,2082)  (3495,2108)  (3495,2132)  (3361,2081)  (3385,2081)  (3517,2077)  (3422,2249)  (3398,2249)  (3518,2156)  (3518,2180)  (3518,2204)  (3518,2228)  (3494,2250)  (3470,2250)  (3446,2250)  (3374,2250)  (3350,2250)  (3326,2250) 
Algeria  (1420,2088)  (1396,2111)  (1396,2087)  (1443,2112)  (1420,2064)  (1444,2064)  (1444,2088)  (1394,2063)  (1419,2135)  (1395,2135)  (1372,2111)  (1372,2087)  (1467,2112)  (1467,2136)  (1443,2136)  (1371,2136)  (1418,2040)  (1442,2040)  (1466,2040)  (1468,2064)  (1468,2088)  (1370,2063)  (1370,2039)  (1394,2039)  (1490,2018)  (1419,2159)  (1395,2159)  (1348,2112)  (1348,2088)  (1491,2112)  (1491,2136)  (1491,2160)  (1467,2160)  (1443,2160)  (1371,2160)  (1347,2160)  (1347,2136)  (1418,2016)  (1442,2016)  (1466,2016)  (1492,2042)  (1492,2066)  (1346,2064)  (1346,2040)  (1346,2016)  (1370,2015)  (1394,2015)  (1490,1994)  (1514,1994)  (1514,2018)  (1419,2183)  (1395,2183)  (1324,2112)  (1324,2088) 
Norwegian Sea Zone  (1830,307)  (1806,330)  (1806,306)  (1853,331)  (1830,283)  (1854,283)  (1854,307)  (1804,282)  (1829,354)  (1805,354)  (1782,330)  (1782,306)  (1877,331)  (1877,355)  (1853,355)  (1781,355)  (1828,259)  (1852,259)  (1876,259)  (1878,283)  (1878,307)  (1780,282)  (1780,258)  (1804,258)  (1900,237)  (1829,378)  (1805,378)  (1758,331)  (1758,307)  (1901,331)  (1901,355)  (1874,379)  (1781,379)  (1757,379)  (1757,355)  (1828,235)  (1852,235)  (1876,235)  (1902,261)  (1902,285)  (1756,283)  (1756,259)  (1756,235)  (1780,234)  (1804,234)  (1924,229)  (1844,402)  (1820,402)  (1734,331)  (1734,307)  (1925,309)  (1925,333) 
Tyrrhenian Sea Zone  (1589,1616)  (1589,1640)  (1593,1664)  (1595,1590)  (1602,1688)  (1605,1565)  (1613,1614)  (1613,1638)  (1613,1712)  (1617,1662)  (1619,1589)  (1626,1686)  (1631,1736)  (1637,1613)  (1637,1637)  (1637,1710)  (1641,1661)  (1643,1567)  (1650,1685)  (1655,1734)  (1655,1758)  (1661,1591)  (1661,1615)  (1661,1709)  (1665,1639)  (1667,1561)  (1674,1663)  (1679,1733)  (1679,1757)  (1685,1585)  (1685,1609)  (1685,1687)  (1687,1781)  (1689,1633)  (1691,1561)  (1698,1657)  (1703,1711)  (1703,1735)  (1709,1585)  (1709,1609)  (1709,1681)  (1711,1759)  (1711,1783)  (1713,1633)  (1715,1546)  (1722,1657)  (1727,1705)  (1727,1729)  (1733,1570)  (1733,1594)  (1733,1681) 
Hungary  (2339,1302)  (2315,1325)  (2315,1301)  (2362,1326)  (2339,1278)  (2363,1278)  (2363,1302)  (2313,1277)  (2338,1349)  (2314,1349)  (2291,1325)  (2291,1301)  (2386,1326)  (2386,1350)  (2362,1350)  (2290,1350)  (2337,1254)  (2361,1254)  (2385,1254)  (2387,1278)  (2387,1302)  (2289,1277)  (2289,1253)  (2313,1253)  (2409,1232)  (2338,1373)  (2314,1373)  (2267,1326)  (2267,1302)  (2410,1326)  (2410,1350)  (2410,1374)  (2386,1374)  (2362,1374)  (2290,1374)  (2266,1374)  (2266,1350)  (2337,1230)  (2361,1230)  (2385,1230)  (2411,1256)  (2411,1280)  (2265,1278)  (2265,1254)  (2265,1230)  (2289,1229)  (2313,1229)  (2433,1216)  (2338,1397)  (2314,1397)  (2243,1326)  (2243,1302) 
Campania  (2099,1706)  (2075,1725)  (2075,1701)  (2122,1730)  (2099,1682)  (2123,1687)  (2126,1754)  (2089,1658)  (2147,1696)  (2129,1778)  (2133,1802) 
Berlin  (2031,989)  (2007,1012)  (2007,988)  (2054,1013)  (2031,965)  (2055,965)  (2055,989)  (2005,964)  (2030,1036)  (2006,1036)  (1983,1000)  (2078,1013)  (2078,1037)  (2054,1037)  (2079,951)  (2079,975)  (1981,976)  (1981,952)  (2102,999)  (2102,1023)  (2103,938)  (2103,962)  (1957,991)  (1957,967)  (2127,927)  (2127,951)  (2127,975)  (1933,995)  (1933,971) 
Occitania  (1583,1463)  (1559,1486)  (1559,1462)  (1606,1487)  (1583,1439)  (1607,1439)  (1607,1463)  (1557,1438)  (1582,1510)  (1535,1507)  (1535,1483)  (1630,1487)  (1630,1511)  (1606,1511)  (1631,1436)  (1631,1460)  (1533,1459)  (1511,1517)  (1511,1493)  (1654,1484)  (1654,1508)  (1654,1532)  (1630,1535)  (1655,1441)  (1509,1469)  (1487,1535)  (1487,1511)  (1678,1465)  (1678,1489)  (1678,1513)  (1485,1560)  (1702,1512)  (1461,1555) 
Central Atlantic Sea Zone  (294,1469)  (270,1492)  (270,1468)  (317,1493)  (294,1445)  (318,1445)  (318,1469)  (268,1444)  (293,1516)  (269,1516)  (246,1492)  (246,1468)  (341,1493)  (341,1517)  (317,1517)  (245,1517)  (292,1421)  (316,1421)  (340,1421)  (342,1445)  (342,1469)  (244,1444)  (244,1420)  (268,1420)  (364,1399)  (293,1540)  (269,1540)  (222,1493)  (222,1469)  (365,1493)  (365,1517)  (365,1541)  (341,1541)  (317,1541)  (245,1541)  (221,1541)  (221,1517)  (292,1397)  (316,1397)  (340,1397)  (366,1423)  (366,1447)  (220,1445)  (220,1421)  (220,1397)  (244,1396)  (268,1396)  (364,1375)  (388,1375)  (388,1399)  (293,1564)  (269,1564)  (198,1493)  (198,1469) 
Prussia  (2261,927)  (2237,950)  (2237,926)  (2284,951)  (2267,903)  (2285,927)  (2291,897)  (2221,974)  (2213,950)  (2213,926)  (2308,951)  (2309,921)  (2307,873)  (2315,897)  (2197,990)  (2189,966)  (2189,942)  (2189,918)  (2332,945)  (2333,921)  (2339,876)  (2185,1014)  (2173,990)  (2357,908)  (2161,1026)  (2149,1002)  (2182,1050) 
Petrograd  (2620,536)  (2596,559)  (2596,535)  (2643,560)  (2620,512)  (2644,512)  (2644,536)  (2594,511)  (2619,583)  (2595,583)  (2572,559)  (2572,535)  (2667,560)  (2667,584)  (2643,584)  (2571,584)  (2618,488)  (2642,488)  (2666,488)  (2668,512)  (2668,536)  (2570,511)  (2570,487)  (2594,487)  (2690,474)  (2619,607)  (2595,607)  (2548,560)  (2691,560)  (2691,584)  (2691,608)  (2667,608)  (2643,608)  (2571,608)  (2547,597)  (2618,464)  (2642,464)  (2666,464)  (2692,498)  (2692,522)  (2546,523)  (2546,499)  (2574,463)  (2619,631)  (2595,631)  (2715,546)  (2715,570)  (2661,632)  (2716,510) 
Belarus  (2589,903)  (2565,926)  (2565,902)  (2612,927)  (2589,879)  (2613,879)  (2613,903)  (2563,878)  (2588,950)  (2564,950)  (2541,926)  (2636,927)  (2636,951)  (2612,951)  (2540,951)  (2587,855)  (2611,855)  (2635,855)  (2637,879)  (2637,903)  (2558,835)  (2588,974)  (2564,974)  (2517,927)  (2660,927)  (2660,951)  (2660,975)  (2636,975)  (2612,975)  (2540,975)  (2516,975)  (2516,951)  (2582,831)  (2606,831)  (2630,831)  (2529,820)  (2553,811)  (2588,998)  (2564,998)  (2684,933)  (2684,957)  (2684,981)  (2660,999)  (2636,999)  (2612,999)  (2540,999)  (2516,999)  (2577,807)  (2601,807)  (2625,807)  (2505,806) 
Western Approaches Sea Zone  (1235,640)  (1211,663)  (1211,639)  (1258,664)  (1235,616)  (1259,616)  (1259,640)  (1209,615)  (1234,687)  (1210,687)  (1187,663)  (1187,639)  (1282,664)  (1282,688)  (1258,688)  (1186,688)  (1233,592)  (1257,592)  (1281,592)  (1283,616)  (1283,640)  (1185,615)  (1185,591)  (1209,591)  (1305,570)  (1234,711)  (1210,711)  (1163,664)  (1163,640)  (1306,664)  (1306,688)  (1306,712)  (1282,712)  (1258,712)  (1186,712)  (1162,712)  (1162,688)  (1233,568)  (1257,568)  (1281,568)  (1307,594)  (1307,618)  (1161,616)  (1161,592)  (1161,568)  (1185,567)  (1209,567)  (1305,546)  (1329,546)  (1329,570)  (1234,735)  (1210,735)  (1139,664)  (1139,640) 
Caucasus  (3336,1335)  (3312,1358)  (3312,1334)  (3359,1359)  (3336,1311)  (3360,1311)  (3360,1335)  (3310,1310)  (3335,1382)  (3311,1382)  (3288,1358)  (3288,1334)  (3383,1359)  (3383,1383)  (3359,1383)  (3287,1383)  (3334,1287)  (3358,1287)  (3382,1287)  (3384,1311)  (3384,1335)  (3286,1310)  (3286,1286)  (3310,1286)  (3406,1265)  (3335,1406)  (3311,1406)  (3264,1359)  (3264,1335)  (3407,1359)  (3407,1383)  (3407,1407)  (3383,1407)  (3359,1407)  (3334,1263)  (3358,1263)  (3382,1263)  (3408,1289)  (3408,1313)  (3262,1311)  (3262,1287)  (3262,1263)  (3286,1262)  (3310,1262)  (3430,1252)  (3335,1430)  (3311,1430)  (3240,1363)  (3240,1339)  (3431,1337)  (3431,1361)  (3431,1385)  (3431,1409) 
Albania  (2300,1667)  (2323,1691)  (2299,1691)  (2282,1643)  (2306,1643)  (2324,1667)  (2316,1715)  (2299,1619) 
Caspian Sea Zone  (3493,1177)  (3469,1200)  (3469,1176)  (3516,1201)  (3493,1153)  (3517,1153)  (3517,1177)  (3467,1152)  (3492,1224)  (3468,1224)  (3540,1201)  (3540,1225)  (3516,1225)  (3491,1129)  (3515,1129)  (3539,1129)  (3541,1153)  (3541,1177)  (3492,1248)  (3468,1248)  (3556,1249)  (3532,1249)  (3492,1105)  (3516,1105)  (3540,1105)  (3508,1272)  (3556,1273)  (3532,1273)  (3522,1081)  (3546,1081)  (3556,1297)  (3532,1297)  (3550,1057)  (3556,1321) 
Nizhny Novgorod  (3252,739)  (3228,762)  (3228,738)  (3275,763)  (3252,715)  (3276,715)  (3276,739)  (3226,714)  (3251,786)  (3227,786)  (3204,762)  (3204,738)  (3299,763)  (3299,787)  (3275,787)  (3203,787)  (3250,691)  (3274,691)  (3298,691)  (3300,715)  (3300,739)  (3202,714)  (3208,690)  (3322,669)  (3251,810)  (3227,810)  (3180,763)  (3180,739)  (3323,763)  (3323,787)  (3323,811)  (3299,811)  (3275,811)  (3203,811)  (3179,811)  (3179,787)  (3232,667)  (3256,667)  (3280,667)  (3324,693)  (3324,717)  (3304,645)  (3328,645)  (3346,669)  (3251,834)  (3227,834)  (3156,763)  (3156,739)  (3347,741)  (3347,765)  (3347,789)  (3347,813) 
Azores Sea Zone  (851,1466)  (827,1489)  (827,1465)  (874,1490)  (851,1442)  (875,1442)  (875,1466)  (825,1441)  (850,1513)  (826,1513)  (803,1489)  (803,1465)  (898,1490)  (898,1514)  (874,1514)  (802,1514)  (849,1418)  (873,1418)  (897,1418)  (899,1442)  (899,1466)  (801,1441)  (801,1417)  (825,1417)  (921,1396)  (850,1537)  (826,1537)  (779,1490)  (779,1466)  (922,1490)  (922,1514)  (922,1538)  (898,1538)  (874,1538)  (802,1538)  (778,1538)  (778,1514)  (849,1394)  (873,1394)  (897,1394)  (923,1420)  (923,1444)  (777,1442)  (777,1418)  (777,1394)  (801,1393)  (825,1393)  (921,1372)  (945,1372)  (945,1396)  (850,1561)  (826,1561)  (755,1490)  (755,1466) 
Piedmont  (1786,1440)  (1762,1463)  (1762,1439)  (1809,1464)  (1786,1416)  (1810,1416)  (1810,1440)  (1760,1415)  (1757,1487)  (1738,1463)  (1738,1439)  (1833,1464)  (1833,1488)  (1834,1398)  (1834,1422)  (1736,1415)  (1733,1492) 
Gov. of the Don Army  (3178,1073)  (3154,1096)  (3154,1072)  (3201,1097)  (3178,1049)  (3202,1049)  (3202,1073)  (3152,1048)  (3177,1120)  (3153,1120)  (3130,1096)  (3130,1072)  (3225,1097)  (3225,1121)  (3201,1121)  (3129,1121)  (3176,1025)  (3200,1025)  (3224,1025)  (3226,1049)  (3226,1073)  (3136,1024)  (3177,1144)  (3153,1144)  (3106,1097)  (3249,1097)  (3249,1121)  (3249,1145)  (3225,1145)  (3201,1145)  (3129,1145)  (3105,1145)  (3105,1121)  (3160,1001)  (3184,1001)  (3208,1001)  (3232,1001)  (3250,1037)  (3250,1061)  (3135,1000)  (3177,1168)  (3153,1168)  (3268,1169)  (3244,1169)  (3220,1169)  (3129,1169)  (3081,1159)  (3159,977)  (3183,977)  (3207,977)  (3231,977) 
Corsica  (1803,1593) 
Jutland Sea Zone  (1765,815)  (1741,838)  (1741,814)  (1788,839)  (1765,791)  (1789,791)  (1789,815)  (1739,790)  (1764,862)  (1740,862)  (1717,838)  (1717,814)  (1812,839)  (1812,863)  (1788,863)  (1716,863)  (1763,767)  (1787,767)  (1811,767)  (1813,791)  (1813,815)  (1715,790)  (1715,766)  (1739,766)  (1835,745)  (1764,886)  (1740,886)  (1693,839)  (1693,815)  (1835,887)  (1811,887)  (1716,887)  (1763,743)  (1787,743)  (1811,743)  (1837,769)  (1721,742)  (1835,721)  (1859,721)  (1859,745)  (1787,910)  (1763,910)  (1834,911)  (1739,911)  (1715,911)  (1745,719)  (1769,719)  (1875,697)  (1883,721)  (1810,934)  (1786,934) 
White Sea Zone  (2678,154)  (2654,177)  (2654,153)  (2701,178)  (2702,140)  (2656,201)  (2630,161)  (2725,171)  (2726,116)  (2738,92)  (2664,230)  (2738,68)  (2762,63)  (2704,247)  (2786,46)  (2738,44)  (2762,39)  (2719,20)  (2743,15)  (2767,15)  (2695,7)  (2652,3)  (2839,0) 
Egypt  (2919,2211)  (2895,2234)  (2895,2210)  (2942,2235)  (2919,2187)  (2943,2187)  (2943,2211)  (2918,2258)  (2894,2258)  (2871,2234)  (2871,2210)  (2966,2235)  (2966,2259)  (2942,2259)  (2870,2259)  (2952,2163)  (2967,2187)  (2967,2211)  (2847,2235)  (2990,2235)  (2990,2259)  (2846,2260)  (2991,2169)  (2991,2193)  (2823,2236)  (3014,2217)  (3014,2241)  (2822,2260)  (3015,2167)  (3015,2191)  (2799,2236)  (3038,2215)  (3038,2239)  (2798,2260)  (3039,2167)  (3039,2191)  (2775,2236)  (2774,2260)  (3063,2161)  (3075,2185)  (2751,2236)  (2750,2260)  (3087,2160)  (3087,2209)  (3091,2233)  (3099,2184)  (2727,2236)  (2726,2260)  (3111,2154)  (3111,2208)  (3115,2232) 
North Baltic Sea Zone  (2228,485)  (2204,508)  (2204,484)  (2251,509)  (2228,461)  (2252,468)  (2202,460)  (2227,532)  (2203,532)  (2180,508)  (2180,484)  (2258,533)  (2179,533)  (2226,437)  (2178,460)  (2185,436)  (2234,556)  (2210,556)  (2264,557)  (2209,413)  (2233,413)  (2291,567)  (2240,580)  (2216,580)  (2267,581)  (2219,389)  (2243,389)  (2306,591)  (2336,593)  (2267,372)  (2243,604)  (2219,604)  (2282,605)  (2312,615)  (2360,583)  (2260,348)  (2258,628)  (2234,628)  (2210,628)  (2288,629)  (2284,340)  (2326,639)  (2384,573)  (2264,652)  (2240,652)  (2216,652)  (2302,653)  (2271,316)  (2295,316)  (2192,656)  (2327,663) 
Malta  (1951,1973) 
Western Mediterranean Sea Zone  (1496,1763)  (1472,1786)  (1472,1762)  (1519,1787)  (1496,1739)  (1520,1739)  (1520,1763)  (1470,1738)  (1495,1810)  (1471,1810)  (1448,1786)  (1448,1762)  (1543,1787)  (1543,1811)  (1519,1811)  (1447,1811)  (1494,1715)  (1518,1715)  (1542,1715)  (1544,1739)  (1544,1763)  (1446,1738)  (1446,1714)  (1470,1714)  (1566,1693)  (1495,1834)  (1471,1834)  (1424,1787)  (1424,1763)  (1567,1787)  (1567,1811)  (1567,1835)  (1543,1835)  (1519,1835)  (1447,1835)  (1423,1835)  (1423,1811)  (1494,1691)  (1518,1691)  (1542,1691)  (1568,1717)  (1568,1741)  (1422,1739)  (1422,1715)  (1422,1691)  (1446,1690)  (1470,1690)  (1566,1669)  (1495,1858)  (1471,1858)  (1400,1787)  (1400,1763) 
Tyrol  (1939,1337)  (1915,1360)  (1915,1336)  (1963,1315)  (1963,1339)  (1915,1384)  (1891,1333)  (1987,1321)  (1987,1345)  (1867,1330)  (2011,1338) 
Karelia  (2582,250)  (2558,273)  (2558,249)  (2605,274)  (2582,226)  (2606,226)  (2606,250)  (2556,225)  (2581,297)  (2557,297)  (2534,273)  (2534,249)  (2629,274)  (2629,298)  (2605,298)  (2533,298)  (2580,202)  (2604,202)  (2630,240)  (2532,225)  (2532,201)  (2556,201)  (2581,321)  (2557,321)  (2510,274)  (2510,250)  (2653,267)  (2653,291)  (2653,315)  (2629,322)  (2605,322)  (2533,322)  (2580,178)  (2508,226)  (2508,202)  (2508,178)  (2532,177)  (2556,177)  (2670,339)  (2581,345)  (2677,275)  (2677,299)  (2646,346)  (2622,346)  (2485,154)  (2484,187)  (2509,153)  (2533,153)  (2694,323)  (2694,347)  (2670,363) 
Ireland  (1251,861)  (1227,884)  (1274,885)  (1231,837)  (1255,837)  (1275,861)  (1279,833)  (1250,908)  (1226,908)  (1203,884)  (1281,909)  (1202,909)  (1218,813)  (1299,857)  (1272,809)  (1296,809)  (1303,833)  (1320,800)  (1198,933)  (1178,909)  (1280,785) 
Kursk  (2970,921)  (2946,944)  (2946,920)  (2993,945)  (2970,897)  (2994,897)  (2994,921)  (2944,896)  (2969,968)  (2945,968)  (2922,944)  (2922,920)  (3017,945)  (3017,969)  (2993,969)  (2921,969)  (2968,873)  (2992,873)  (3016,873)  (3018,897)  (3018,921)  (2920,896)  (2920,872)  (2944,872)  (3040,851)  (2969,992)  (2945,992)  (2898,945)  (2898,921)  (3041,945)  (3041,969)  (3041,993)  (3017,993)  (2993,993)  (2921,993)  (2897,993)  (2897,969)  (2968,849)  (2992,849)  (3016,849)  (3042,875)  (3042,899)  (2896,897)  (2896,873)  (2896,849)  (2920,848)  (2944,848)  (3040,827)  (3064,827)  (3064,851)  (2969,1016)  (2945,1016)  (2874,945)  (2874,921) 
Vienna  (2066,1298)  (2042,1321)  (2042,1297)  (2089,1322)  (2066,1274)  (2090,1274)  (2090,1298)  (2040,1273)  (2065,1345)  (2018,1300)  (2113,1322)  (2113,1346)  (2089,1346)  (2093,1250)  (2114,1274)  (2114,1298)  (2016,1276)  (2116,1370)  (2092,1370)  (2138,1263) 
Lithuania  (2457,866)  (2433,889)  (2433,865)  (2480,890)  (2457,842)  (2481,847)  (2431,841)  (2456,913)  (2432,913)  (2504,871)  (2455,818)  (2407,863)  (2407,839)  (2431,817)  (2507,847)  (2405,815)  (2452,937)  (2428,937)  (2528,871)  (2383,857)  (2381,833)  (2381,809)  (2404,956)  (2455,961)  (2431,961)  (2357,848)  (2357,824)  (2357,800)  (2407,980)  (2468,985)  (2444,985)  (2333,844)  (2333,820)  (2420,1004)  (2470,1009)  (2446,1009)  (2396,1019)  (2422,1028) 
Sicilian Sea Zone  (1758,1824)  (1758,1848)  (1758,1872)  (1758,1896)  (1782,1823)  (1782,1847)  (1782,1871)  (1782,1895)  (1806,1820)  (1806,1844)  (1806,1868)  (1806,1892)  (1829,2093)  (1830,1812)  (1830,1836)  (1830,1860)  (1830,1884)  (1841,1908)  (1853,2074)  (1853,2098)  (1854,1803)  (1854,1827)  (1854,1851)  (1854,1875)  (1864,1973)  (1865,1899)  (1874,2122)  (1875,1997)  (1877,2057)  (1877,2081)  (1878,1787)  (1878,1811)  (1878,1835)  (1878,1859)  (1883,2021)  (1885,1923)  (1885,1947)  (1888,1971)  (1889,1883)  (1898,2105)  (1898,2129)  (1899,1995)  (1901,2045)  (1901,2069)  (1902,1765)  (1902,1789)  (1902,1813)  (1902,1837)  (1906,2153)  (1907,2019)  (1909,1907)  (1909,1931) 
Serbia  (2381,1586)  (2357,1609)  (2404,1610)  (2386,1562)  (2405,1586)  (2410,1550)  (2380,1633)  (2356,1633)  (2428,1621)  (2404,1634)  (2435,1645)  (2399,1526)  (2371,1657) 
Holland  (1705,1030)  (1681,1052)  (1726,1006)  (1729,1030)  (1750,985) 
Novgorod  (2839,459)  (2815,482)  (2815,458)  (2862,483)  (2839,435)  (2863,435)  (2863,459)  (2813,434)  (2838,506)  (2814,506)  (2791,482)  (2791,458)  (2886,483)  (2886,507)  (2862,507)  (2790,507)  (2837,411)  (2861,411)  (2885,411)  (2887,435)  (2887,459)  (2789,434)  (2789,410)  (2813,410)  (2909,389)  (2838,530)  (2814,530)  (2767,483)  (2767,459)  (2910,483)  (2910,507)  (2910,531)  (2886,531)  (2862,531)  (2790,531)  (2766,531)  (2766,507)  (2837,387)  (2861,387)  (2885,387)  (2911,413)  (2911,437)  (2765,435)  (2765,411)  (2765,387)  (2789,386)  (2813,386)  (2909,365)  (2933,388)  (2838,554)  (2814,554)  (2743,483)  (2743,459) 
Romania  (2582,1409)  (2558,1432)  (2558,1408)  (2605,1433)  (2601,1385)  (2606,1409)  (2625,1366)  (2581,1456)  (2557,1456)  (2534,1432)  (2534,1408)  (2629,1433)  (2533,1457)  (2630,1390)  (2608,1342)  (2632,1342)  (2649,1366)  (2510,1433)  (2510,1409)  (2653,1414)  (2653,1438)  (2509,1469)  (2654,1390)  (2600,1318)  (2624,1318)  (2648,1318)  (2486,1445)  (2486,1421)  (2677,1414)  (2677,1438)  (2485,1477)  (2678,1388)  (2689,1462)  (2585,1294)  (2609,1294)  (2633,1294)  (2462,1453)  (2462,1429)  (2702,1388)  (2609,1270)  (2438,1453)  (2726,1389) 
Persia  (3501,1560)  (3477,1583)  (3477,1559)  (3524,1584)  (3501,1536)  (3525,1536)  (3525,1560)  (3475,1535)  (3500,1607)  (3453,1564)  (3548,1584)  (3548,1608)  (3524,1608)  (3521,1512)  (3545,1512)  (3549,1536)  (3549,1560)  (3451,1540)  (3556,1632)  (3532,1632)  (3544,1488)  (3556,1656) 
Galicia  (2459,1153)  (2435,1176)  (2435,1152)  (2482,1177)  (2459,1129)  (2483,1129)  (2483,1153)  (2433,1128)  (2411,1181)  (2411,1157)  (2506,1177)  (2506,1201)  (2482,1201)  (2507,1130)  (2387,1178)  (2387,1154)  (2530,1169)  (2530,1193)  (2530,1217)  (2546,1241)  (2363,1174)  (2363,1150)  (2554,1170)  (2554,1194)  (2570,1218)  (2570,1242)  (2346,1126)  (2339,1155)  (2315,1155)  (2291,1159)  (2267,1159)  (2243,1166) 
Alsace  (1793,1227)  (1769,1250)  (1769,1226)  (1816,1251)  (1793,1203)  (1817,1203)  (1817,1227)  (1767,1202)  (1792,1274)  (1768,1274)  (1834,1275)  (1793,1179)  (1841,1221) 
Spanish Morocco  (1064,1955)  (1040,1978)  (1040,1954)  (1087,1979)  (1088,1939)  (1038,1930)  (1111,1963)  (1111,1987)  (1014,1943)  (1014,1919)  (1016,1895)  (1135,1960)  (1135,1984) 
Dalmatia  (2131,1460)  (2107,1483)  (2107,1459)  (2154,1484)  (2131,1436)  (2155,1436)  (2155,1460)  (2105,1435)  (2130,1507)  (2106,1507)  (2083,1478)  (2178,1484)  (2178,1508)  (2154,1508)  (2129,1412)  (2179,1436)  (2179,1460)  (2081,1454)  (2081,1430)  (2105,1411)  (2130,1531)  (2059,1406)  (2202,1484)  (2202,1508)  (2202,1532)  (2178,1532)  (2154,1532)  (2203,1450)  (2057,1432)  (2035,1408)  (2035,1384)  (2226,1474)  (2226,1498)  (2226,1522)  (2192,1556)  (2027,1432)  (2250,1474)  (2250,1498) 
North Atlantic Sea Zone  (1136,193)  (1112,216)  (1112,192)  (1159,217)  (1136,169)  (1160,169)  (1160,193)  (1110,168)  (1135,240)  (1111,240)  (1088,216)  (1088,192)  (1183,217)  (1183,241)  (1159,241)  (1087,241)  (1134,145)  (1158,145)  (1182,145)  (1184,169)  (1184,193)  (1086,168)  (1086,144)  (1110,144)  (1206,123)  (1135,264)  (1111,264)  (1064,217)  (1064,193)  (1207,217)  (1207,241)  (1207,265)  (1183,265)  (1159,265)  (1087,265)  (1063,265)  (1063,241)  (1134,121)  (1158,121)  (1182,121)  (1208,147)  (1208,171)  (1062,169)  (1062,145)  (1062,121)  (1086,120)  (1110,120)  (1206,99)  (1230,99)  (1230,123)  (1135,288)  (1111,288)  (1040,217)  (1040,193) 
Norway  (1892,475)  (1868,498)  (1868,474)  (1915,499)  (1892,451)  (1916,451)  (1916,475)  (1866,450)  (1891,522)  (1867,522)  (1844,498)  (1844,474)  (1939,499)  (1939,523)  (1915,523)  (1843,523)  (1890,427)  (1914,427)  (1938,427)  (1940,451)  (1940,475)  (1842,450)  (1962,405)  (1891,546)  (1867,546)  (1820,499)  (1820,475)  (1963,499)  (1963,523)  (1963,547)  (1939,547)  (1915,547)  (1843,547)  (1819,547)  (1819,523)  (1899,403)  (1923,403)  (1964,429)  (1964,453)  (1947,381)  (1971,381)  (1891,570)  (1867,570)  (1796,499)  (1987,506)  (1981,571)  (1957,571)  (1933,571)  (1843,571)  (1819,571)  (1795,571)  (1795,547)  (1795,523) 
Denmark  (1877,805)  (1853,828)  (1886,829)  (1869,781)  (1893,781)  (1862,852)  (1950,859) 
Bay of Biscay Sea Zone  (1236,1315)  (1212,1338)  (1212,1314)  (1259,1339)  (1236,1291)  (1260,1291)  (1260,1315)  (1210,1290)  (1235,1362)  (1211,1362)  (1188,1338)  (1188,1314)  (1283,1339)  (1283,1363)  (1259,1363)  (1187,1363)  (1234,1267)  (1258,1267)  (1282,1267)  (1284,1291)  (1284,1315)  (1186,1290)  (1186,1266)  (1210,1266)  (1306,1252)  (1235,1386)  (1211,1386)  (1164,1339)  (1164,1315)  (1307,1339)  (1307,1363)  (1307,1387)  (1283,1387)  (1259,1387)  (1187,1387)  (1163,1387)  (1163,1363)  (1234,1243)  (1258,1243)  (1282,1243)  (1308,1276)  (1308,1300)  (1162,1291)  (1162,1267)  (1162,1243)  (1186,1242)  (1210,1242)  (1235,1410)  (1211,1410)  (1140,1339)  (1140,1315) 
Archangel  (2940,97)  (2916,120)  (2916,96)  (2963,121)  (2940,73)  (2964,73)  (2964,97)  (2914,72)  (2939,144)  (2915,144)  (2892,120)  (2892,96)  (2987,121)  (2987,145)  (2963,145)  (2891,145)  (2938,49)  (2962,49)  (2986,49)  (2988,73)  (2988,97)  (2890,72)  (2890,48)  (2914,48)  (3010,27)  (2939,168)  (2915,168)  (2868,121)  (2868,97)  (3011,121)  (3011,145)  (3011,169)  (2987,169)  (2963,169)  (2891,169)  (2867,169)  (2867,145)  (2938,25)  (2962,25)  (2986,25)  (3012,51)  (3012,75)  (2866,73)  (2866,49)  (2866,25)  (2890,24)  (2914,24)  (3010,3)  (3034,3)  (3034,27)  (2939,192)  (2915,192)  (2844,121)  (2844,97) 
Montenegro  (2263,1570)  (2239,1592)  (2239,1568)  (2275,1594)  (2263,1546)  (2287,1553)  (2299,1577) 
Paris  (1489,1306)  (1465,1329)  (1465,1305)  (1512,1330)  (1489,1282)  (1513,1282)  (1513,1306)  (1463,1281)  (1488,1353)  (1464,1353)  (1441,1329)  (1441,1305)  (1536,1330)  (1536,1354)  (1512,1354)  (1440,1354)  (1487,1258)  (1511,1258)  (1535,1258)  (1537,1282)  (1537,1306)  (1458,1257)  (1559,1256)  (1488,1377)  (1540,1378)  (1516,1378)  (1561,1280)  (1544,1402) 